1.0 -4989.4 2483 0.312441 0.071447 5.287159 
1.1 -4984.1 2495 0.054890 0.006773 0.034969 
1.2 -4968.6 2479 0.275552 0.047389 3.253641 
1.3 -4950.7 2486 0.099825 0.007328 0.021581 
1.4 -4915.3 2460 0.373645 0.049703 4.658343 
1.5 -4872.7 2453 0.305687 0.036738 2.541465 
1.6 -4820.0 2448 0.257648 0.011723 0.059232 
1.7 -4738.1 2412 0.463758 0.034887 2.235138 
1.8 -4647.6 2385 0.478069 0.027546 1.028785 
1.9 -4504.3 2275 1.167669 0.102641 21.805896 
2.0 -4352.8 2219 1.271733 0.097566 16.859454 
2.1 -4137.9 2072 1.569301 0.104867 38.906122 
2.2 -3862.6 1955 1.422379 0.060558 3.740384 
2.3 -3353.9 1025 2.016237 0.078473 230.261919 
2.4 -2995.8 457 1.135546 0.050124 46.391118 
2.5 -2763.1 335 0.891134 0.039688 26.857059 
2.6 -2568.0 246 0.651381 0.027354 14.242670 
2.7 -2410.9 200 0.581018 0.024865 9.218212 
2.8 -2265.1 165 0.514894 0.025163 6.108415 
2.9 -2153.3 147 0.451321 0.020757 4.565044 
3.0 -2043.1 127 0.411541 0.017010 3.363348 